Open,High,Low,Volume,Close
RELIANCE.NS,RELIANCE.NS,RELIANCE.NS,RELIANCE.NS,RELIANCE.NS
1164.066351583663,1177.3048023328713,1163.244668797144,5316175,1175.8896484375
1170.9366586985077,1174.565828259546,1163.0621480210023,7658932,1167.28466796875
1167.2618507099899,1169.1107276232437,1147.6325061253483,9264891,1149.7095947265625
1151.969198619059,1157.858025867488,1143.0674942432397,13637099,1147.6552734375
1153.4072395784428,1163.1306272948216,1149.5955006159752,6349597,1158.0863037109375
1161.920872492315,1187.804304506264,1161.0307261466326,10722753,1185.430419921875
1189.6301316742909,1189.6301316742909,1162.2403842296717,8047142,1167.90087890625
1165.207642347734,1167.7183330231771,1150.873534164056,11509553,1153.178955078125
1152.5855061360771,1156.077627831873,1125.2641003718309,17688773,1128.2769775390625
1122.2512303793665,1128.870455871767,1111.3866638722207,20618583,1126.4510498046875
1128.7791493112115,1131.951774613395,1107.917221092014,13623855,1115.723388671875
1122.0687880986452,1133.4811846812154,1118.690771838856,10751000,1131.56396484375
1129.1444306357287,1137.178689301756,1123.1414974309203,13448286,1129.692138671875
1128.8703817084495,1132.6364779441453,1121.4522950704254,11940054,1128.482421875
1129.8289903822717,1129.8289903822717,1112.5963531280504,14930286,1115.0614013671875
1117.960272105855,1125.811961602633,1107.004299933337,10954118,1109.4237060546875
1113.851719292168,1115.51790607312,1089.8171651533376,16488755,1102.873046875
1101.2753294802073,1102.302402806859,1086.461976225218,12385018,1087.6259765625
1088.4706538388855,1089.817223588686,1055.260418546103,25830975,1066.992431640625
1064.4132886312711,1082.764407064242,1050.3987961919847,21772103,1077.218017578125
1087.3749062182637,1089.9541811505658,1068.6585300710096,22691594,1074.5245361328125
1086.43914786492,1086.43914786492,1052.2246622437708,19347800,1068.156494140625
1058.1591593362568,1071.8540341073915,1054.9637127057106,13662663,1062.244873046875
1072.3104574781503,1072.3104574781503,1046.7466458186898,24699575,1063.1805419921875
1056.7896118119152,1059.528634971871,1052.5899131464937,14837879,1055.1690673828125
1055.4202857843334,1062.4502927137798,1046.7467924098464,15135435,1052.6356201171875
1055.8766387784026,1077.2863960062462,1053.137736379797,21160332,1073.6572265625
1074.3421090421186,1082.2850839057578,1065.4632246870067,13172763,1075.5289306640625
1075.0039060071294,1075.0039060071294,1059.6655455942528,10790445,1066.6728515625
1068.293381324993,1072.7670546240697,1056.127767130611,10352493,1060.6014404296875
1063.6144381671827,1087.329376978281,1060.738487756277,14321920,1085.5947265625
1084.6358877756606,1112.5735854842064,1083.2664969637603,33503591,1110.1768798828125
1118.1656324865594,1124.7163944448255,1107.0270912647763,17264487,1109.3095703125
1104.7217922905263,1117.2754874405753,1100.4306882070916,11809520,1113.9429931640625
1116.13425652598,1118.3026298698114,1100.2025445254703,8836937,1102.16552734375
1106.547846833629,1116.9558691842672,1101.22954869757,13311592,1111.158447265625
1107.4379365148654,1109.2866925279875,1084.2022454513722,11024335,1085.959716796875
1085.5489053785018,1093.1952035465454,1077.948249542989,9851910,1080.755615234375
1082.8100022510873,1093.8344379808216,1080.9840672539892,9434053,1088.1510009765625
1087.3750050988056,1090.8672478016565,1073.543202799622,11199715,1080.91552734375
1075.5516247048565,1080.5274845520237,1056.1734344203933,21994038,1060.2362060546875
1070.0280642112666,1070.712820002187,1060.5557097259696,11551145,1069.982421875
1066.8326656493814,1073.5203549354069,1059.802538079039,9333535,1061.833984375
1072.3789987479975,1092.6018137297042,1068.909698230002,14643807,1088.927001953125
1095.5918675399987,1106.8216933590497,1095.5918675399987,10171916,1099.5633544921875
1099.5632986303585,1104.265304210858,1088.7443751303776,15782657,1103.5120849609375
1102.8960014079455,1103.3067824873158,1075.0953474005576,16235128,1076.98974609375
1068.8868957671646,1070.0280749321848,1056.8124450060086,13334091,1060.3046875
1063.1806779260546,1070.0281154160118,1038.5298305140532,12771592,1042.8665771484375
1040.812257084253,1052.2018311560978,1035.8136967949142,16027522,1038.9635009765625
1042.6839083296516,1049.1660857467195,1016.8004787547293,21728555,1021.2056884765625
1023.921951504309,1028.9433330363881,1005.2968594074098,18363159,1016.1157836914062
1024.720781814394,1028.0075129528561,1010.0900587449327,34014213,1014.837646484375
1011.1400680229121,1013.4225471579439,995.1626537042278,19524589,1004.8632202148438
1012.9430039303461,1038.0732119172073,1012.0528577510236,21400360,1036.1102294921875
1043.0948141638403,1046.0392280531037,1036.2473765076484,10920094,1039.26025390625
1035.3343603002547,1036.2016854580306,1023.9447859117854,16249370,1026.1131591796875
1024.9489888672188,1027.117362031003,1003.3795441878093,12375945,1005.7989501953125
1012.2813433372775,1028.943393312628,1004.383950761555,14054323,1021.4340209960938
1024.8349561252708,1030.0846702786253,1021.1829653124684,12576424,1026.2044677734375
1022.0959186617868,1024.7436572444662,1009.3597140789179,18804065,1020.133056640625
1029.3999027039445,1069.7770709600845,1029.2629756900762,28171201,1064.116455078125
1070.4846960590223,1072.3106311531849,1056.7896998650788,10293043,1064.299072265625
1071.8540232011114,1071.8540232011114,1053.8453439607506,16262928,1061.74267578125
1058.2275373074351,1074.592970502133,1058.2275373074351,18435046,1068.8638916015625
1072.7671126043012,1072.9496819536614,1059.779694186431,12961408,1061.2861328125
1065.4631729553812,1068.6586196822263,1060.9210357303307,10542367,1066.535888671875
1066.5359087914262,1080.8927189104256,1063.660079131172,18179087,1071.2379150390625
1074.1364101327636,1079.9795947799273,1069.115028980157,12378208,1075.2777099609375
1106.9814803229494,1106.9814803229494,1072.333391852291,17929479,1080.73291015625
1085.0925121063174,1085.0925121063174,1061.8111761257844,10405576,1068.3619384765625
1067.7685265934954,1076.373436165099,1064.6415432193398,12273475,1073.68017578125
1074.638556551585,1076.875393044396,1064.5956738732273,7007330,1070.9637451171875
1073.0637661728558,1077.7884724738815,1066.5586465106753,7647317,1072.310546875
1084.1794719407253,1086.8727319946267,1071.8539885727766,12936186,1076.4190673828125
1080.0710338352167,1086.7359021827194,1072.995384428631,9236126,1084.6588134765625
1086.005534613959,1089.2467445727555,1074.6159592843226,8617834,1078.290771484375
1084.1795677314856,1088.2879820525134,1079.158065119624,9167125,1085.1153564453125
1087.374995527852,1106.5022750107378,1087.2608896802224,15565210,1104.9500732421875
1112.1170391794083,1116.4994278601828,1108.4194062766874,12981805,1114.3310546875
1116.1342091904096,1116.1342091904096,1101.549188303151,7061872,1104.7674560546875
1105.2467632974385,1119.717677582049,1102.2567073883076,8635233,1117.503662109375
1114.3083172243437,1123.5979821409157,1112.0258380416835,8746585,1114.650634765625
1118.4165791288924,1133.7777597410543,1115.7461404298203,9153782,1128.4139404296875
1129.8290394334551,1135.2158009724574,1124.4652198090143,6464721,1131.9061279296875
1136.6766978121202,1141.173192717246,1132.659447469911,10872255,1139.6895751953125
1140.7622816578707,1145.578272899187,1130.536707274967,10557860,1132.2486572265625
1127.455243721531,1135.4896227195354,1121.3838473257679,6955341,1134.0972900390625
1136.6309023578756,1143.3184701435996,1128.984483334697,6833343,1136.3341064453125
1138.5026071786638,1141.0589403639667,1118.485181669263,8717229,1120.1514892578125
1124.3511508366894,1125.2641183192468,1108.830341392445,8798967,1113.5322265625
1118.21139175125,1121.6123498838558,1107.9858169299096,10525531,1111.1357421875
1111.1355938507186,1116.5678769225615,1104.1967514891073,8050447,1114.7418212890625
1111.5693019532657,1125.7207212869755,1110.3596592183865,7434906,1120.69921875
1123.2783175836105,1126.6335119735163,1119.0784985578177,6092034,1120.49365234375
1116.545095308795,1124.8076864197674,1110.861658447196,8112254,1113.9658203125
1111.0672556833676,1117.9603357408223,1102.9187697829475,11487863,1113.8289794921875
1122.0687058844728,1145.3500415058625,1118.7591533794464,12626260,1144.2088623046875
1150.8279550929283,1154.9364899661489,1144.5283465169668,10010304,1150.6453857421875
1150.645307987406,1158.451475420254,1147.7921790871794,11342504,1150.3486328125
1141.2416143873527,1145.7381091276332,1123.4382047768395,27107927,1127.5009765625
1132.1800927726736,1134.3484659204855,1122.068625138698,14592692,1124.4652099609375
1128.003101699598,1133.412563645759,1118.8731857024297,15800644,1120.7904052734375
1126.2684221252366,1133.8234358683376,1122.2739934203582,10908682,1130.856201171875
1133.6866395560062,1135.626680467698,1123.8947880782737,7493309,1131.81494140625
1135.3071289198083,1141.241598708449,1128.7335456658939,10312545,1140.3970947265625
1143.9805586437908,1148.9335976883083,1137.133121023714,12071109,1141.081787109375
1144.4370477074842,1145.1446246797914,1131.1985964976163,5877018,1133.0018310546875
1130.0574375493186,1136.311403822295,1125.2641468372988,6391969,1134.006103515625
1138.9591656822827,1151.946463788879,1134.9647365494955,11248016,1150.759521484375
1150.827933567815,1166.3488637759137,1149.0019986007082,13277380,1164.910888671875
1164.8879084532837,1169.7953042210922,1157.4470010964749,11813494,1165.2303466796875
1168.72265257123,1178.856942021871,1168.72265257123,24171579,1176.574462890625
1179.5873088461865,1179.5873088461865,1160.7111839901809,6798554,1164.8880615234375
1162.9480481347903,1170.457299404325,1157.2189687814275,6921096,1167.3074951171875
1167.2618659292657,1173.1278723617306,1163.1534517577868,6961603,1170.5943603515625
1166.8053921892115,1174.702723824018,1155.8494202932393,7619166,1157.4471435546875
1154.434209748897,1156.4884770186727,1146.7194478373872,6628570,1147.974853515625
1144.437098137329,1148.2716583591261,1136.0832218598148,12641159,1139.210205078125
1139.666736088607,1145.578264166708,1135.1474200849475,9689466,1139.62109375
1147.1760589375283,1158.519990797568,1140.2600374666351,11354006,1154.708251953125
1162.423070452648,1167.1021346662303,1156.511421596289,11151555,1164.1805419921875
1167.741194264735,1196.9341777415286,1166.5086096788432,12154387,1194.0582275390625
1198.3037415268395,1198.3037415268395,1174.6799673322103,8061643,1181.7557373046875
1190.9997357239995,1190.9997357239995,1175.8440646341217,10248062,1179.8155517578125
1175.958111582341,1207.1824197013011,1175.958111582341,19117987,1204.5804443359375
1202.8686056265724,1216.5406584496827,1199.6730384312104,13375267,1202.2294921875
1227.4736968882496,1258.1046546175523,1221.1284462814795,33240016,1248.541015625
1256.6895309307056,1264.4955779542368,1249.705166712445,20069348,1262.076171875
1262.806571231475,1279.103541836806,1260.683840337917,18733835,1263.468505859375
1270.8408996155135,1277.7339788902639,1249.545369524751,14682934,1252.170166015625
1255.365580017741,1260.3414396091937,1243.9988277461352,15124144,1251.1202392578125
1253.9963391795925,1285.060901535764,1245.3228457945552,22220040,1276.6842041015625
1285.9508548808042,1295.2861607810748,1274.9948839462775,25867313,1287.5257568359375
1291.885581272737,1303.754521961654,1276.8211937050912,39122156,1297.2950439453125
1276.0147195399904,1301.2135132047797,1276.0147195399904,38717624,1295.7237548828125
1290.357730278342,1293.2757006107088,1248.1206953399467,30249238,1255.613525390625
1227.0514151401742,1243.8423605772516,1221.2648606691866,23727866,1230.2166748046875
1233.4810641733905,1239.0203294862108,1226.5569523456327,12026020,1229.425537109375
1229.029726310642,1259.6936470475673,1229.029726310642,12911012,1249.4063720703125
1253.2889256301971,1255.06933898356,1231.6758304667376,17226898,1237.7838134765625
1242.4081558253793,1257.6412248805652,1236.7204929547063,20827852,1250.2225341796875
1250.222567835286,1263.1062644351005,1245.3261593927457,8551174,1260.8065185546875
1263.6503718598296,1265.6286894674379,1239.0697997346808,9536632,1242.9769287109375
1240.9985763343113,1242.383422770223,1218.4458286875906,12748214,1229.697509765625
1224.23249959185,1236.8936606795558,1215.7010043381908,10168350,1224.5291748046875
1235.8550243989196,1244.3617658987635,1222.4024889169664,22885610,1241.1717529296875
1246.8346631113916,1250.4945023600335,1238.92139273861,5982870,1248.2442626953125
1250.2965991690858,1253.486611833248,1236.2258407843067,9844072,1240.7264404296875
1238.8473680717575,1250.7914133404697,1227.1011062817865,11486586,1248.9119873046875
1248.788167272386,1261.177404750792,1240.6276075945868,15470598,1254.475830078125
1252.4975295128647,1265.5544976220099,1242.5565564009414,22179330,1259.767822265625
1255.737002454242,1277.1523130180672,1248.8128913733601,9575812,1274.6546630859375
1261.672044700447,1277.3996937112483,1261.672044700447,10203112,1273.6160888671875
1269.6348629683328,1275.0752365265755,1252.695518025622,13673744,1255.2425537109375
1251.9041214413387,1274.827925208279,1240.6771930744892,18639978,1264.5406494140625
1260.6443643964944,1268.3374245054665,1248.5836072167706,9221746,1250.74267578125
1249.204008079304,1259.6517042081298,1240.319812990251,7713044,1250.44482421875
1252.8272476636503,1262.0838090060652,1249.2288807667073,9517952,1251.8345947265625
1260.6195534341234,1260.6195534341234,1226.4227081001463,14140020,1230.7904052734375
1218.9778633049934,1243.2978613921046,1212.3271367872899,22222400,1225.1075439453125
1226.9190501118926,1232.8749678308823,1206.6193456890517,12580826,1212.8978271484375
1217.0173382536789,1217.7121468384466,1195.2285336373561,16876644,1201.2838134765625
1207.0659417448908,1212.5255327642963,1198.628391987628,12168946,1200.1422119140625
1202.5989377093504,1203.5915905675504,1191.133748727762,21638600,1194.65771484375
1194.4343955405523,1203.9141576589248,1192.0023233270636,18112842,1197.4619140625
1197.4619529612135,1202.921543874001,1193.8140262826475,9347626,1196.494140625
1201.1100268699734,1208.033756715794,1197.3627378820318,8675876,1202.8968505859375
1201.6560920331103,1209.125708635972,1199.745186611218,8200370,1205.4281005859375
1201.9537313347682,1210.1679582595825,1196.6430625915527,13652572,1207.06591796875
1211.0365924741222,1218.9778160313297,1202.5742018862823,23109288,1215.1064453125
1216.9924464989115,1229.326207160582,1216.9924464989115,13271074,1228.20947265625
1232.3787090583842,1232.3787090583842,1209.0265228175713,16255666,1210.4659423828125
1211.0365644667,1222.2783103355039,1204.2120756300537,12803338,1216.52099609375
1220.9630582690309,1223.8417758931353,1213.5181615722684,9209636,1217.6376953125
1224.9337835939812,1224.9337835939812,1215.7517434819517,25468592,1219.8961181640625
1211.061482045193,1216.4962329024152,1207.0908701058952,7516300,1209.274658203125
1202.623798606989,1204.8821081322808,1168.8487603007638,57081884,1182.323974609375
1178.750555955457,1186.2699748730859,1171.3304992731428,12226182,1173.712890625
1179.2717940052096,1182.47307577697,1166.3673046768697,19176786,1168.8240966796875
1166.5657437194718,1171.6779308453931,1158.9720452955405,14254884,1161.6273193359375
1160.684188171601,1166.4663425671888,1159.2200494490667,10087782,1162.6446533203125
1163.1410372849095,1177.1871000752483,1160.6594050312615,11722778,1175.7476806640625
1182.7459002555731,1182.7459002555731,1153.9589668880435,14518346,1158.4755859375
1162.2973995824232,1175.847137006539,1158.475709840611,12342014,1163.8856201171875
1156.415758225436,1159.220075299941,1149.492028660551,8859056,1150.55908203125
1146.0178196869251,1150.981084388904,1139.1189302205564,10286386,1148.5738525390625
1151.105104982258,1156.14276991832,1146.017758932428,10953682,1148.549072265625
1150.0132553057874,1153.8597853939605,1147.5316229908371,5431026,1150.4847412109375
1145.5711149238573,1147.4818990309532,1139.0691900320726,7576878,1140.6822509765625
1144.8018394410437,1150.435072150941,1143.4121010954177,10236032,1145.719970703125
1148.7227620999727,1166.2182699823193,1148.0031129607796,9814118,1163.910400390625
1163.3148210249558,1171.0078811502246,1160.485663265934,12554450,1166.0693359375
1161.4040366702475,1170.0897506197043,1156.0188455521982,10150316,1166.0198974609375
1163.885548402189,1168.6254903286665,1159.4186102633319,5929036,1163.4140625
1169.3451452373686,1171.18152891328,1162.0491704758838,7928180,1168.972900390625
1168.9729714451066,1174.8048077319042,1151.9737890772074,8918320,1153.4627685546875
1147.5068298823098,1152.37085365543,1142.0472385636656,12032556,1144.603271484375
1141.5508934053469,1148.846868358942,1139.7145096810816,8913312,1141.104248046875
1136.5877075106362,1144.6530132953733,1119.3403612940447,7853962,1123.2861328125
1116.7593673158804,1132.219887961399,1113.2602415640138,11620688,1120.6802978515625
1117.2309217780673,1120.7052071856403,1101.9937228681183,15222534,1105.0709228515625
1111.7712909465938,1128.3982276638756,1109.761144511754,11771084,1124.5765380859375
1128.6463150337838,1153.958963260135,1126.6361687340607,16813304,1147.7548828125
1155.4480281047179,1155.4480281047179,1133.0636557231696,12808438,1135.5452880859375
1136.1656826268284,1150.236586425296,1129.2419526519689,10309190,1140.2603759765625
1148.4746196953226,1153.6116471680004,1145.4966608528325,10562104,1151.57666015625
1155.0509397455937,1158.897469898072,1149.3680258840427,8850156,1151.3284912109375
1157.5822297180116,1161.4039192346488,1154.256866662586,10647304,1160.9075927734375
1158.4507493206686,1160.9572220726066,1151.2540159543112,6960204,1153.3634033203125
1157.4332718147846,1161.900209827792,1152.3459257444151,7884494,1159.368896484375
1159.344192861405,1159.3689122452765,1143.6353879313751,14513610,1146.787109375
1144.3054653415224,1149.6658152095554,1140.5830169850344,7734954,1148.946044921875
1152.9166537769547,1153.7605056745233,1147.3578218124285,3854810,1148.7972412109375
1161.4039352802765,1172.2982770196893,1154.9516911953863,12220648,1169.5684814453125
1166.9131951067154,1178.3534231349859,1164.8533675821152,13134910,1171.6778564453125
1167.8064883385834,1177.9067803474445,1167.3846835483773,7758634,1169.121826171875
1165.647592311094,1170.5363354915235,1159.617152805321,4490186,1166.044677734375
1174.3083747965666,1185.227556641674,1171.4296571663483,8214450,1180.7109375
1178.7754188353035,1188.4289448727575,1177.3856804226161,8534814,1185.326904296875
1185.3268657327444,1191.1835423841578,1185.3268657327444,8531542,1188.9500732421875
1187.0144298509326,1192.474021001291,1186.7414260587238,6749486,1188.1558837890625
1188.1558894990753,1191.034607263244,1178.899449291774,13792174,1188.404052734375
1195.1540911072586,1197.1145563492605,1190.2156671664848,12531306,1191.5308837890625
1188.5529645510346,1191.530923348677,1176.2440439527552,28439984,1179.9913330078125
1180.2643464861462,1189.3967050711567,1180.0658643673892,14342842,1188.3544921875
1215.9997806950958,1215.9997806950958,1190.4886500919326,15590990,1201.209228515625
1210.540207865299,1211.4584602643838,1201.9288955146308,12693624,1209.9197998046875
1214.560584514323,1227.3905513904704,1208.5549856031337,16422442,1221.5091552734375
1220.9631623446442,1221.4346482742724,1212.0292855470004,8142096,1219.4990234375
1222.874052744466,1229.251775342433,1213.5182500771466,10204894,1218.853759765625
1218.9777608532804,1224.7351961410227,1217.1909371644088,7066138,1220.6405029296875
1220.9631521449135,1223.41994400905,1201.1844932637518,9197124,1203.1202392578125
1202.102614795848,1210.2176004047437,1194.3103140708777,10031182,1208.03369140625
1217.9851619285064,1228.3831772791464,1212.3518080035872,16972354,1223.0228271484375
1229.8970515295573,1240.8162343922088,1225.951280138882,15932152,1238.6324462890625
1238.6323699765335,1258.1379030406688,1236.3243792186838,14165188,1251.239013671875
1268.1140495332209,1277.4945707453207,1253.3234974409622,16820604,1269.6527099609375
1276.080186427869,1289.8780864366483,1250.7426960684581,17736722,1254.2913818359375
1254.2170195322976,1277.2962009364337,1249.8741628164655,13765454,1271.8614501953125
1270.3972179591544,1280.968874306117,1264.4660199985942,16541784,1273.1021728515625
1274.5663382448713,1286.453332624264,1271.935783794956,7465664,1279.554443359375
1281.514887400953,1290.3990823415181,1277.0976304877347,9204156,1283.922119140625
1285.3862277761266,1296.4046504171113,1283.9220890250845,12302636,1293.203369140625
1295.9581362918193,1297.397434632089,1280.174929799553,10864584,1282.9791259765625
1280.7953983035607,1293.8488097378856,1277.1225094292433,4030540,1285.6097412109375
1283.0039664322292,1297.8937610136477,1277.0480485996618,7448800,1296.255859375
1295.412048372221,1307.3238832997818,1279.132516403198,9037536,1282.16015625
1284.4928354763001,1295.337616733607,1280.0755785995668,9612778,1288.7860107421875
1291.8881165287519,1300.3009471094986,1289.456165302221,8086406,1294.2705078125
1295.412156841061,1306.3064992127524,1275.0379299096924,7734652,1284.17041015625
1290.4487513775189,1293.8237954235035,1279.132484246134,5403074,1280.7703857421875
1279.0333061103788,1319.7320764251056,1278.0654937339266,11102740,1315.3148193359375
1319.7321386109766,1352.489686993197,1318.7394856296971,23725852,1349.9088134765625
1349.9087552154863,1363.2350482099334,1335.8626919019084,15012164,1360.6541748046875
1364.8977157386187,1386.190071634762,1355.9638397810568,8610594,1383.8822021484375
1379.7627106993223,1386.0413130880693,1360.4308194226976,9069024,1364.5255126953125
1349.5117047016763,1376.0900120502974,1345.0696069219948,12197382,1351.5714111328125
1341.4712027363942,1360.92717605878,1341.3222805612156,10279438,1357.8995361328125
1365.890429247957,1365.890429247957,1349.015329468004,10422704,1357.4031982421875
1361.6716823004633,1361.6716823004633,1312.8332056966303,20055420,1318.8138427734375
1325.4149927095905,1339.5851376107455,1314.1980872328543,21919128,1334.00146484375
1333.0831783387705,1354.1274927557365,1325.390118278632,11808872,1343.1337890625
1354.474931519067,1441.8283899094502,1350.1817560391485,23893438,1437.4111328125
1449.2235971647833,1449.2484377227322,1394.1066401470152,14093978,1397.2830810546875
1393.6846609266845,1423.7124109217216,1392.1956815880876,15130226,1416.1434326171875
1424.4569627393994,1432.745590517861,1407.631543948549,13349362,1416.1683349609375
1422.6455164089482,1464.0639387350582,1422.6455164089482,19652588,1446.990234375
1450.0177530325548,1459.6961190035063,1421.007495677393,8814432,1428.452392578125
1431.256637826339,1431.256637826339,1409.3934322746634,9047984,1417.3099365234375
1425.3752031215413,1438.8504181404362,1418.7491963623445,9296568,1431.554443359375
1439.3467435794867,1448.752105824393,1417.0368932886952,14694634,1439.4708251953125
1443.31729322881,1461.1602045826953,1440.2896534634558,12556798,1450.0177001953125
1450.017752117624,1450.2659153474917,1431.7529141646626,6674430,1441.679443359375
1444.806250056761,1468.1335924657844,1443.3172707540573,7715594,1454.335693359375
1446.7916226083244,1472.749520552248,1446.7916226083244,7117888,1470.4912109375
1472.4517353218182,1473.8166331337911,1455.7503978374216,10006782,1459.79541015625
1465.6271998466532,1466.1483668657747,1447.8339689108675,9767498,1449.843994140625
1451.3082561823699,1468.6300012389227,1442.8458657695369,6729828,1463.17041015625
1464.1878968342883,1464.659382736365,1451.0600862084646,7117496,1460.21728515625
1463.170510366537,1477.5888193115914,1446.8414171157522,12720292,1456.916748046875
1457.36346935178,1474.0399663973683,1447.2880175600008,18493728,1470.863525390625
1478.556551746289,1486.5474563697878,1472.4517119404402,14438584,1482.6512451171875
1482.5768223248915,1483.5446346905887,1471.607959051116,7513106,1476.3974609375
1472.1291493159843,1488.9297276070065,1467.1907251784094,10826044,1474.73486328125
1472.1042938560004,1480.3185210789975,1439.5205099276588,8647950,1444.930419921875
1454.2365988812116,1468.1088998815815,1443.8385832706604,23628976,1450.0675048828125
1452.7475417409498,1488.979373154373,1451.7548888255137,12132926,1481.1622314453125
1479.5243736818861,1501.337897909408,1476.2982516112518,10024420,1496.3250732421875
1494.712091681268,1496.3251528023525,1475.1320355384912,7107668,1489.177978515625
1482.4773919378927,1497.9131926576536,1467.6372798835923,7805676,1491.957275390625
1491.9325571368477,1492.056638756749,1464.7091224345347,8315726,1468.059326171875
1478.060279979328,1478.060279979328,1452.747629113329,11277130,1455.8248291015625
1455.8247263461558,1477.0675227494196,1454.261346490045,9432678,1464.5849609375
1468.9029635812572,1472.2034859914554,1417.2850129833478,13522134,1421.6527099609375
1429.1223094125826,1437.8825438227764,1415.0266869213976,18571102,1420.957763671875
1415.4733954219128,1422.694969713975,1402.5193474045138,19223818,1407.80517578125
1409.56727675182,1431.1326391984185,1406.1178317705178,9169392,1428.899169921875
1418.252849649116,1427.0378036957165,1406.8373411480031,8275764,1414.778564453125
1417.4587350761735,1434.3835163859578,1413.562644941621,8488806,1433.1427001953125
1441.8532357214951,1447.1887452733042,1434.060934378195,13006936,1440.3145751953125
1439.321893152815,1449.2732629085037,1436.716179238339,19527608,1444.3348388671875
1434.3835274360674,1441.7291835759677,1428.4276096750873,11415906,1430.983642578125
1437.3613782559069,1488.979328303771,1436.368725370371,16326644,1481.8818359375
1481.90676076149,1494.8856495085238,1467.786296896486,21854364,1474.933349609375
1481.5095896793896,1482.9985690062601,1471.60790139039,5013880,1473.8662109375
1473.0968689675985,1483.0233977342266,1464.1629930776332,8910166,1476.025146484375
1471.186101560143,1473.5436523631188,1458.1079713887636,7008292,1460.7880859375
1468.8780939901114,1468.8780939901114,1439.3466709144527,14490272,1452.1767578125
1450.1417667351745,1459.9938949751336,1445.3025839763254,7442298,1449.3724365234375
1452.226356281804,1480.0206375610207,1450.2658910334067,8357118,1475.057373046875
1478.060211901015,1478.8543827139295,1451.7549092714805,7071414,1452.896484375
1455.5766564963697,1476.0749645358123,1455.5766564963697,9138330,1468.7044677734375
1465.0317226594827,1475.5538200544618,1452.3257159957793,15551012,1456.370849609375
1450.2658952456557,1471.2356878788278,1435.6986653849476,12902062,1454.062744140625
1442.6720371000315,1460.3661473678603,1440.2649265731254,9366184,1454.98095703125
1452.7476380801534,1475.0823301585979,1448.628103973215,19005692,1453.5665283203125
1446.0720814485837,1463.1705049395248,1432.4231028577299,15741778,1459.323974609375
1461.6317610616636,1471.9305352298081,1457.0160218672338,10350362,1468.9774169921875
1468.1337674689391,1482.5272357774581,1444.8561033979943,14605554,1448.603271484375
1452.7475596039474,1457.7605053579202,1438.8504186169605,10462776,1439.5205078125
1431.9018276580116,1457.189636393573,1430.9091747445573,15943926,1449.2484130859375
1453.194198141131,1454.236532179651,1439.3467383348082,9413848,1441.8780517578125
1439.3467183436048,1457.1152296530197,1439.3467183436048,7247974,1454.2613525390625
1457.214576809603,1472.178772035999,1452.1272302795285,11474262,1456.221923828125
1461.1850562736174,1466.4708844514234,1453.3679147531318,14512646,1455.775146484375
1460.1925152681529,1464.1134460205978,1405.7455242326487,17226958,1423.46435546875
1424.9533097670264,1429.4202480421582,1407.5818831415143,7394208,1409.095703125
1405.571689953147,1410.311631866643,1381.772860502106,14517472,1391.17822265625
1387.2324157830615,1422.42191231512,1387.2324157830615,9439002,1408.1278076171875
1402.6185253372132,1413.2895438420787,1379.7875090012217,11009612,1383.8822021484375
1386.4879762578594,1399.6406275450738,1377.8766636438304,10505096,1397.0845947265625
1389.6149314683873,1396.6379028351905,1373.8317248456565,8456620,1392.394287109375
1390.681954289976,1416.5901722719507,1389.7389824487905,7188300,1409.6416015625
1410.063563528233,1419.468926315315,1402.6435067088078,5046534,1405.86962890625
1408.1278405018506,1417.0120356183081,1387.75361519461,14711774,1414.8778076171875
1412.5948920294334,1426.6408349602225,1402.8668442157614,10916476,1425.15185546875
1415.1260338425998,1431.231803864575,1415.1260338425998,11176128,1425.57373046875
1425.722543020764,1457.9837617014118,1425.722543020764,10281604,1449.91845703125
1447.8340020088174,1481.2615172416956,1444.3100355832012,14608260,1475.1319580078125
1472.724715385057,1477.5638984586112,1465.2549777906743,7094776,1469.37451171875
1469.3497180106694,1473.990419113941,1450.8119965034373,6629010,1455.4774169921875
1457.2145743340495,1467.637430621861,1442.0766163922278,7820162,1445.501220703125
1435.8724890871501,1447.287997987601,1427.8815843874524,7383556,1430.1895751953125
1424.9532474164846,1429.817270893488,1409.6663684202383,13206858,1414.3814697265625
1420.7841589242364,1431.653659822201,1411.800601617005,31069832,1419.8907470703125
1472.1043222829317,1503.3728901534053,1448.2806515244756,21527942,1499.228515625
1487.0437791255476,1487.0437791255476,1349.3131842665355,36709098,1387.0091552734375
1411.5524616660985,1420.6352601794422,1373.9308915121778,17464890,1410.3116455078125
1424.4569533735907,1433.0929853880773,1410.9072166555904,17855722,1421.0819091796875
1418.004611799037,1461.1850112482903,1416.0193060772324,18558696,1459.1500244140625
1459.150058153404,1482.3781598703026,1457.2888339961758,9251760,1460.5894775390625
1458.20717740815,1462.847878399236,1443.9874724286744,11774902,1445.9727783203125
1446.7915758989445,1465.155654220818,1444.4837064170613,10081742,1452.57373046875
1461.1851486521073,1461.433311890669,1449.3725542618724,9181160,1454.4847412109375
1459.199879544848,1468.8038455887872,1446.518713499826,8157998,1466.6944580078125
1476.4224025999808,1476.4720837189377,1460.5399547367645,7196766,1470.1439208984375
1476.571240472528,1476.571240472528,1445.3026730272272,8725874,1447.9332275390625
1448.2806091505108,1471.9553570393568,1439.4459739347105,16113776,1462.87255859375
1462.7982011333013,1463.8652545834836,1429.9909727182371,31170360,1443.515869140625
1434.9045699529108,1438.8503408924523,1426.9385064042085,8878386,1430.88427734375
1432.3982039886682,1445.2282918111714,1430.4128980926341,7045386,1443.46630859375
1435.425808927042,1507.8149506909176,1434.5075565031482,22014882,1502.9013671875
1502.6284353235128,1526.2039433921725,1494.935374795845,28383030,1519.3050537109375
1519.7764812043604,1569.3842873036351,1519.7764812043604,28957336,1553.89892578125
1551.0450507194453,1567.7960689891884,1544.2454023527885,7724306,1548.6875
1557.968712393485,1561.939323957406,1545.5605512562322,7749246,1553.675537109375
1554.8170660210362,1563.4283787351976,1531.440162014497,9049620,1541.019287109375
1545.5606622734106,1555.983518377374,1539.4062623766438,6837176,1542.6075439453125
1542.4088769403465,1586.755694667964,1536.6267221432645,12269710,1576.9532470703125
1577.325467706802,1596.9800437158895,1570.8980643748457,9500806,1589.1380615234375
1585.8623208770043,1588.7410386525216,1568.887979750272,6960002,1578.5911865234375
1583.2814308954767,1585.7630632323035,1551.6654591589945,7134578,1572.5855712890625
1575.8365135146928,1592.4634499565013,1558.9614138424095,11940946,1569.036865234375
1572.8586162043875,1593.3569240772113,1562.9320865975437,12924784,1584.9937744140625
1592.6620057625546,1594.0517441522056,1573.8512804915936,5329688,1585.4901123046875
1581.792452589091,1588.24469666931,1557.5965372882695,9386838,1564.669189453125
1564.4210812674708,1582.1895936713806,1546.3795650620239,12298374,1575.0177001953125
1574.3475621142547,1578.293333314245,1541.3915329908289,13140390,1543.7242431640625
1525.9557698439748,1526.203933085127,1488.2597977476694,19674376,1489.6495361328125
1489.9719903646578,1494.6870915999891,1452.2511804820083,18052044,1476.96826171875
1474.0895996286229,1498.4095963901725,1465.552808673545,11913362,1484.7109375
1470.1190347480779,1489.4509269223795,1466.2228234080762,12519876,1481.435302734375
1481.4352554076795,1501.3131545447015,1479.4002684339398,9859940,1497.9381103515625
1500.8414953005092,1516.2772962786503,1500.6678537480493,7538550,1508.931640625
1505.8793670988641,1513.7957501477324,1498.9059558839842,8228208,1502.0328369140625
1492.9499231376883,1499.3524857083617,1490.1208866802617,10057346,1494.364501953125
1500.8913109431162,1506.8472288436842,1493.2479314401046,10764222,1504.1671142578125
1493.9426800961044,1498.2358556077295,1482.303848567256,10268248,1488.309326171875
1469.126390399314,1472.997761203301,1422.7198642160924,17046704,1436.69140625
1444.4588830824964,1466.6446510309138,1440.6619130584993,10236186,1445.352294921875
1458.2071184913539,1461.6814036613468,1450.7622216985117,8174568,1454.062744140625
1446.8164580997684,1454.2365143735713,1435.3017085687702,12387192,1438.4781494140625
1449.2732763644294,1465.6520496932055,1445.3026646483625,6249776,1463.46826171875
1459.199797918004,1462.1777566892652,1447.0397996020206,8184584,1449.8936767578125
1450.0178268110735,1459.2742672925806,1447.28803114191,6265064,1452.8717041015625
1452.7972017764512,1461.1850703208015,1443.0194737625147,6267466,1451.109619140625
1457.8598362701878,1469.5235088888628,1447.3377388233519,9416902,1467.339599609375
1476.6025720306277,1492.3397678065596,1474.6105280885965,13797742,1482.4791259765625
1491.268975771349,1497.9423959482733,1484.0976661921165,8411808,1489.9990234375
1487.30978907883,1501.8766102174725,1484.072717714687,7769996,1492.7132568359375
1497.0210123494212,1500.5070892244864,1484.720165407205,10445782,1492.1654052734375
1497.768063961028,1505.3128818837536,1492.4642955105633,9249654,1494.008056640625
1500.9802618699923,1516.941539085057,1497.021098650585,8816114,1506.5828857421875
1504.4912711730515,1507.4544123852302,1493.485179145279,6251156,1494.481201171875
1499.0131426615155,1501.4782728482842,1487.0608784010915,9610286,1492.33984375
1497.1205913811584,1530.885760314005,1488.0568158159556,38335358,1514.874755859375
1527.89778785993,1533.599989641746,1497.3447635789732,41620730,1503.6197509765625
1504.8647654458696,1520.7264647058682,1500.6316718721823,11240852,1510.2183837890625
1515.1984708784905,1516.941509382377,1501.5031683479538,10923800,1503.1217041015625
1494.7301447200666,1511.4633627071519,1493.534966971581,11983304,1508.525146484375
1513.0072347057646,1519.7054581926027,1481.1345314015284,16264168,1487.035888671875
1486.5627588054047,1491.0448575756723,1455.8105811316245,19394228,1458.997802734375
1460.666261949736,1464.07768593117,1449.809597840599,9010298,1456.63232421875
1454.6901127162012,1466.1942153054945,1451.7766997689328,10768260,1455.7110595703125
1457.2300550346945,1462.9073318760024,1441.7917138302157,9760202,1445.7259521484375
1451.2039809867947,1480.088617533546,1440.1232367942907,22349376,1473.913330078125
1470.5268529366479,1477.2500011980833,1463.6542770635715,8711328,1466.766845703125
1471.6723576050656,1475.0090069946318,1458.9232273463058,5481774,1465.4969482421875
1468.1364260685732,1471.5975781970765,1460.790763828237,5935328,1466.4432373046875
1464.1522884024148,1476.10455198121,1454.7399294679985,8574714,1457.6282958984375
1460.4171894563083,1470.6264144806405,1449.7598031867433,16955902,1463.82861328125
1468.136427109257,1489.0528890965668,1465.5218693608433,30897320,1480.0140380859375
1485.0687739665293,1495.5270047691104,1483.026880271187,8832314,1487.434326171875
1482.5786761041754,1494.530939532627,1481.9561623839436,17137444,1483.4501953125
1477.9970102640052,1490.5468626388433,1474.3116560624171,7069002,1488.0069580078125
1484.7202013028073,1498.017070530802,1482.1305684499498,18818998,1491.9910888671875
1493.0369361114394,1527.3747692811157,1486.0647823070499,20597478,1520.1038818359375
1513.3558880158446,1518.9086621673466,1468.5348969230117,27008814,1470.701171875
1474.7599230273088,1482.0308103038055,1457.0057588364782,16431642,1458.997802734375
1430.8602791168494,1443.634334423912,1396.4975195620746,37757294,1401.3780517578125
1398.34020617394,1411.711728297617,1376.2782950115372,37072876,1381.0093994140625
1387.9566419173104,1390.9447078848398,1355.9594355150189,22181340,1365.272216796875
1367.513224520688,1395.4267642320656,1359.669551595401,17020808,1391.791259765625
1391.9656892391695,1395.4019165531051,1367.0402140253339,14310610,1369.1318359375
1374.5352199766685,1380.4864268287754,1363.9774115920343,22358646,1365.595947265625
1364.5501018082973,1377.7723178051706,1363.3797273571677,7980122,1366.6417236328125
1373.962442591221,1374.5849563155427,1362.8070452852592,12221432,1367.0650634765625
1353.1207855156183,1366.243302159234,1335.3666207605413,33762794,1338.678466796875
1334.6695151768993,1358.5740438069333,1332.3039628645522,20034438,1348.6884765625
1360.2671814831224,1363.0062419523483,1346.6715786036464,15543660,1351.0291748046875
1346.796043723323,1362.9814005892638,1335.9891081789099,12082452,1353.8927001953125
1361.686598848784,1368.5342502099143,1352.3239675798945,14067408,1363.7532958984375
1363.7532474009167,1370.5262455038624,1334.8935348257999,15831960,1338.006103515625
1332.1793705575924,1352.0748848775756,1329.689315659354,17214742,1333.2003173828125
1329.9633130042932,1338.3547254831988,1317.8616212723593,22155934,1334.4703369140625
1338.1555171764887,1339.002111534351,1316.7410448137834,18597496,1322.5677490234375
1331.6813526124565,1347.6177038778262,1316.8406011796387,10824350,1329.0418701171875
1322.8167478889227,1337.856655249044,1315.0478495098762,12008361,1334.66943359375
1329.6893351932274,1344.62966480214,1320.0776988278842,11984423,1338.553955078125
1334.6694245700712,1337.6574904459744,1320.8745447599274,9331650,1326.7510986328125
1327.7471304089104,1336.6116286385318,1327.6972806767253,2127335,1333.3248291015625
1332.5280301195805,1334.6695017714562,1279.9878687625326,19796890,1296.9700927734375
1287.8564249120313,1304.3406373759979,1281.0336986406933,16267479,1300.1075439453125
1304.7888451117578,1323.0160966964434,1295.0277806900112,21625209,1320.0777587890625
1318.7331565363688,1318.7331565363688,1297.4182609581876,9611974,1300.4561767578125
1292.4879180085577,1296.4720058402277,1269.9279963447846,19814406,1278.6431884765625
1273.8622221377802,1280.884225507143,1261.9598084895413,9056552,1267.6370849609375
1270.4759075040322,1284.1712099692156,1262.4578817905294,10671091,1269.1810302734375
1265.196886863478,1270.3761523895544,1244.5294313213271,14633633,1247.0693359375
1248.613186761178,1267.537605244334,1246.1231316976048,12612633,1262.5574951171875
1262.55746761959,1267.8364328732807,1238.951794764919,13620611,1255.7347412109375
1255.734688515481,1276.4021442257297,1230.236550606767,14183746,1236.710693359375
1236.7107220331202,1239.0014996478671,1212.407761281373,19433843,1218.1348876953125
1224.509420421979,1263.8024380613526,1217.586994857739,20471957,1260.3662109375
1284.868314871977,1299.260783408558,1277.3483005192684,28923341,1281.8802490234375
1289.7986377983043,1292.687125909721,1279.0914013187908,9247557,1290.545654296875
1288.3543972122054,1298.6632001168684,1280.8842325588682,9572746,1288.0555419921875
1284.818474176107,1291.442044503892,1264.0017125526565,15027412,1265.7447509765625
1274.9081506356404,1294.3305794929802,1270.177046170391,13202307,1287.0595703125
1282.876370557777,1306.133460567327,1271.9699779978703,11024152,1303.9422607421875
1311.7609017834461,1321.5219654799555,1301.8006823317874,16869482,1318.035888671875
1320.7251432865569,1323.1156203515295,1298.8625094957517,19608540,1303.742919921875
1309.1214514378748,1324.6593698468237,1300.9541199209712,16858723,1316.7908935546875
1318.6334884089777,1318.6334884089777,1304.7887589399247,9037514,1306.3326416015625
1297.8166732313093,1309.7689372979064,1287.9560310594236,14650002,1289.9979248046875
1284.121290398709,1289.7488386952925,1275.107243177966,16043729,1279.73876953125
1279.8882324099652,1284.8683422637005,1270.9738844056644,11724373,1273.115234375
1264.9479526569407,1273.1152845047754,1255.5853214463157,20906813,1257.876220703125
1254.9877622795104,1270.1272485556606,1234.6688884780408,28630222,1267.78662109375
1269.9280595585296,1275.904191603511,1261.511722229068,9486781,1263.2547607421875
1256.033537225462,1258.8721754853295,1237.8561365143116,17462791,1240.34619140625
1235.714673937889,1254.9378248920182,1235.714673937889,12670179,1248.2645263671875
1234.0712121990753,1239.947766097918,1224.1109925687356,14244653,1225.55517578125
1219.1309339507777,1234.5692750261348,1196.7204388413884,20312896,1200.50537109375
1210.1667348774333,1222.3181546925216,1208.3738466363206,10052824,1217.437744140625
1217.4377030050357,1228.6429501715868,1216.1428258096823,6734917,1217.8858642578125
1219.3798917928577,1222.8161189414398,1209.4196721335327,10016178,1211.7105712890625
1213.4536884394554,1223.0154756156849,1212.1588111658666,7000397,1216.1927490234375
1211.5611874241417,1218.3340640862093,1203.294156174512,8818766,1205.8837890625
1203.1945530395503,1214.2503727116298,1201.3519366916562,6405475,1210.6148681640625
1210.0172807004092,1221.4218053468785,1206.7802092584152,5892590,1216.391845703125
1216.3918076943417,1239.4994683243335,1215.1467802555553,15486276,1236.860107421875
1238.9518139936486,1257.0296379589822,1230.5852047154665,15521102,1246.1729736328125
1248.961727102304,1256.9797527645217,1210.1667191829588,14816766,1213.15478515625
1217.1388288273843,1239.5493228115217,1216.3918123612464,10070505,1235.913818359375
1244.0314575822304,1265.9937909556584,1240.395953024955,19346579,1260.4658203125
1261.9598138402198,1264.6988742096441,1243.0852464738894,12794704,1249.758544921875
1248.8621307808614,1251.750618829338,1231.0831628192257,8120332,1236.959716796875
1225.1070543419412,1240.2963897717905,1221.5213994754447,13764861,1234.9178466796875
1239.1509590647415,1248.3641626627486,1222.3680125031533,13095266,1233.822265625
1239.9974688456068,1251.9995818882041,1236.90982514039,9578856,1247.2186279296875
1253.8920943102864,1269.9280238633037,1246.3223515830243,14117603,1261.4119873046875
1316.9900509904955,1320.7251333812799,1279.888232575373,29366277,1297.169189453125
1310.764916385877,1310.764916385877,1295.0775703121099,14040244,1300.2568359375
1305.2868371165837,1307.776892128252,1265.1471016946018,14562976,1268.6331787109375
1273.2149526536994,1277.7966294698952,1263.6530443254642,10273590,1272.0196533203125
1264.9478840486133,1272.2686211078578,1256.581275301743,8720682,1258.6231689453125
1260.9638702056575,1267.9360243063209,1238.5533748820974,14235970,1241.34228515625
1234.1708090151494,1235.515414368934,1215.1468135462453,9536019,1224.4595947265625
1233.0752790316255,1239.7984277662488,1213.6528493538253,10568025,1229.4896240234375
1231.0832160878692,1237.8063647194172,1223.1648896668228,5928156,1230.585205078125
1230.635044492625,1251.9996679975989,1227.497550840604,9269259,1248.0654296875
1250.8541794958078,1261.9598488917904,1244.0314532484974,6584612,1260.0673828125
1260.0673469134033,1265.495739501575,1236.0632421918099,7118453,1259.5693359375
1246.0235355947286,1251.003645649064,1232.6270881824535,9252345,1240.94384765625
1243.0852829885687,1283.6731787459128,1241.6409781641657,16691069,1280.08740234375
1277.5476050956522,1285.366353249074,1271.6212014188793,10112028,1273.115234375
1268.6331564996678,1282.8763195509282,1265.2965071593937,9956001,1276.4520263671875
1271.073491533156,1278.5933846345008,1256.979756005846,8764283,1261.6610107421875
1259.469777897567,1261.461821832557,1240.5952102474196,6970972,1248.6629638671875
1259.5196705337273,1259.5196705337273,1225.2066396338644,8859714,1229.937744140625
1214.5989377224967,1222.0193743195214,1188.6027887286011,21131654,1211.7105712890625
1212.2086229517822,1223.1150152108587,1207.1786632211406,8511216,1211.2623291015625
1214.1507532507958,1219.1308629852126,1200.6546072366423,10298145,1212.40771484375
1206.2821918357026,1222.6169765728448,1199.7084711054922,8166683,1220.02734375
1219.9775298877432,1225.0074896525716,1211.2623373341316,6673250,1220.525390625
1214.6488125132394,1227.8461038341088,1212.706618273488,6217338,1222.567138671875
1219.0810452834291,1234.4198079853766,1217.1388510698625,7795582,1228.0950927734375
1223.8121434284387,1235.0672403005465,1217.2882724889691,6904025,1223.264404296875
1211.7105497558396,1218.3838481751116,1205.68456833515,7172498,1209.718505859375
1206.1826029932777,1216.1428226711741,1196.7203942992758,11552182,1199.21044921875
1207.975493883109,1210.166693583284,1195.8738026303336,11509215,1202.298095703125
1197.218393771922,1212.5073065135477,1188.5530513693543,23007298,1195.325927734375
1199.2104168056296,1201.6506219268736,1151.4013636439433,17944938,1166.5906982421875
1157.576687742468,1169.3297956512124,1154.9373267832577,11377373,1157.2779541015625
1156.3815647449799,1178.2940491759787,1152.3974766666165,8664095,1170.9234619140625
1192.2383549047067,1209.1208794668382,1180.4355183146993,14468014,1204.7882080078125
1211.1627762331514,1249.8084792402678,1207.178688153437,16474965,1244.828369140625
1240.0473535020744,1252.9956391209716,1230.4855669004469,11931051,1233.4736328125
1235.0672477916657,1244.5294565449083,1224.858022557904,10089838,1242.3382568359375
1252.995610693361,1257.9757204337955,1239.0513034201438,11977555,1252.0494384765625
1255.0376050433522,1259.1212710412995,1238.901975238559,9505270,1242.9359130859375
1237.208673957254,1252.3980085038181,1228.1946267891797,16640917,1233.9217529296875
1233.9217529296875,1233.9217529296875,1233.9217529296875,0,1233.9217529296875
1236.113132982547,1248.2645525643281,1233.8720835165427,16162399,1242.1888427734375
1246.8700894970418,1267.9359786597456,1245.0773228865291,15971477,1264.101318359375
1269.927977701306,1275.9041093610767,1265.0474458622177,21780769,1271.2725830078125
1285.86434660882,1300.8046759652354,1279.141198398433,20299319,1296.920166015625
1302.497915186312,1302.497915186312,1277.4977874103538,13713899,1280.33642578125
1285.8643858858131,1288.6532960847499,1263.7028966635362,12074747,1267.98583984375
1273.0655062272906,1279.8882324099652,1266.242780044616,15028056,1273.115234375
1274.9081198538831,1290.5954658598978,1263.9518781988888,18147129,1270.027587890625
1259.5693287834792,1272.8164693011493,1244.330265958221,12099648,1247.6170654296875
1242.5873186806543,1250.5554948342144,1238.9518139936486,10142590,1246.1729736328125
1228.145018441354,1246.8204315907722,1228.145018441354,7434366,1243.732666015625
1236.1628160172713,1240.4954871764826,1188.4036122186155,17908652,1199.9075927734375
1127.6960086529814,1166.590714623955,1110.415052053189,22156106,1161.062744140625
1167.3378163352843,1191.8399338970503,1158.6724733291408,19555040,1177.4971923828125
1164.8477193030515,1185.0670143686195,1163.3536863154889,10223104,1180.6346435546875
1190.3957018139643,1217.786306450343,1190.3957018139643,11224242,1214.1009521484375
1246.0235343416643,1246.0235343416643,1232.1788040875913,13378535,1235.1668701171875
1229.1907298200806,1235.9637280756608,1224.1110419207541,8248464,1234.3701171875
1235.266450081142,1275.1073305428426,1222.7165970526498,15398401,1269.4300537109375
1264.947875835223,1295.7249783909904,1261.9598099867933,10429964,1290.346435546875
1294.8286411452223,1298.713151385602,1281.1831879455033,13051707,1286.0635986328125
1291.840547250601,1300.8047453425481,1280.286716249035,10480888,1294.82861328125
1287.2588872304611,1299.3107293954529,1285.1672652984741,10468940,1296.4222412109375
1298.3146947064158,1319.928323767296,1282.9759313802824,14431012,1295.22705078125
1334.669497851195,1369.1318351951852,1314.9482133535364,31104496,1363.35498046875
1365.5461749701867,1405.2874774645995,1364.5501529607263,32538970,1394.1319580078125
1396.4228227174156,1406.7814756764847,1363.5540972183608,25480745,1399.410888671875
1408.3751233126775,1421.024554216323,1403.4945911426703,13007841,1414.152099609375
1425.3074680112338,1433.773654928142,1421.2238021682567,12685649,1425.6063232421875
1425.3074785225756,1426.3035005201455,1404.9886054552057,14084117,1415.2476806640625
1415.2476117092147,1418.733688530858,1397.1199392858432,13440169,1400.4068603515625
1398.51446598441,1415.1481063364454,1392.438756100913,16106175,1401.4029541015625
1379.9884666950659,1389.251519832932,1369.032224808638,13668904,1371.721435546875
1394.430721507353,1433.275577320772,1394.430721507353,10674081,1430.7855224609375
1427.7974767909468,1441.9409399606418,1406.7814377941193,11407896,1410.0682373046875
1414.3512435205853,1424.2118856620737,1409.8691445094285,5570160,1418.7337646484375
1419.3313670179805,1455.5865925696291,1407.0802476372012,20177211,1448.4151611328125
1447.4191020051853,1455.1881221330052,1441.542669553187,9036695,1450.6064453125
1446.3234565863577,1448.81351147394,1432.4787270944578,6195791,1435.0684814453125
1432.4787356808251,1439.2517336495314,1416.1440727881434,11270560,1418.932861328125
1418.235682967954,1430.486680037078,1412.458707007589,6136364,1423.5145263671875
1415.5464438973825,1418.1361984129633,1391.3431818014155,12134466,1403.79345703125
1401.0045498118507,1428.0964217220903,1401.0045498118507,6474883,1421.124267578125
1426.3034970063507,1435.2676949623963,1419.430920923106,4842944,1429.0924072265625
1420.4269591196573,1431.2836233071982,1408.275539274527,12640414,1416.44287109375
1414.4508509493858,1416.9409060075968,1405.0882196135674,5944611,1407.279541015625
1406.4826358531975,1414.3512339364067,1402.996558868143,13771917,1412.1600341796875
1412.3591925541664,1424.9090454066043,1404.0921613404494,13788484,1415.2476806640625
1406.4826830156508,1411.8612262898896,1390.0483195350275,8098668,1408.0762939453125
1416.6421539546416,1420.8253977642241,1397.8173136420837,11252626,1399.908935546875
1409.0722382665938,1420.0284799827916,1400.506473605418,8126827,1417.8372802734375
1422.3193687346825,1448.913106617055,1417.9368477633755,13716817,1436.662109375
1435.2676355449807,1445.7258660607492,1431.28354772945,8182161,1437.7576904296875
1451.204075048637,1451.70208605586,1439.5506661134996,7885125,1443.0367431640625
1444.2318404180787,1448.1163503747662,1430.2875329933524,7913181,1432.777587890625
1440.0485867347081,1462.7578142878924,1437.3592545136698,8195700,1443.13623046875
1447.7179200254843,1451.2039968882907,1428.6939248911115,8828114,1435.865234375
1418.335338487147,1429.7895915718395,1408.6739736495979,9757276,1422.2198486328125
1421.223780491138,1436.6621211041454,1418.7337255535563,8458093,1432.0804443359375
1442.2398094911548,1442.2398094911548,1420.12817043809,10366599,1425.506591796875
1424.3114328610282,1437.0605628519918,1420.028489708749,6681735,1424.4110107421875
1424.4110453044384,1434.1721095891817,1420.0285241646616,10007230,1427.598388671875
1425.3075053013417,1465.148385952672,1422.4190171371765,29010635,1460.367431640625
1447.2199506188397,1457.9770367383994,1436.2637087352834,5989078,1451.0048828125
1459.1721495093714,1469.1323689599471,1437.359244595668,16402744,1445.0286865234375
1458.1762135192969,1466.5428226679085,1454.690136506102,7525851,1461.463134765625
1463.2558362824063,1492.8377614283193,1459.2717484446844,14657893,1489.3516845703125
1493.4353527246628,1515.9454247275912,1490.9452978220222,11117052,1509.3717041015625
1507.7781788170053,1518.734421010171,1490.0489382705405,8409527,1494.630615234375
1494.630607775488,1525.3081343971446,1494.132596769193,10368523,1522.320068359375
1522.3200879079554,1523.9136988316197,1502.6983810571346,6361002,1512.75830078125
1514.7502729656235,1525.8060926058627,1506.9812529023668,11283291,1511.76220703125
1517.9375659885409,1523.913698138102,1511.1645675851503,6603501,1521.2244873046875
1520.5271677380254,1538.65484117058,1518.933556847784,7251074,1535.367919921875
1529.8897875590692,1538.7544076502807,1524.1128113419518,7171261,1531.4833984375
1530.586937987722,1544.8301010282516,1504.0927774643353,8870660,1512.9573974609375
1513.654605815878,1518.6347158851345,1501.5031858807802,10047129,1511.16455078125
1505.9852937598653,1508.9733598189127,1484.3716645666439,7234991,1489.2520751953125
1486.263916129696,1494.0329360309418,1473.2160528053016,10311846,1477.7977294921875
1480.2878335086834,1490.5469086437597,1476.503022895967,8132454,1479.4910888671875
1467.1403332858122,1485.068728397248,1465.6463003598592,10409983,1479.690185546875
1481.4830970988435,1483.674296790977,1468.0368005528198,11854613,1470.52685546875
1478.8934598804974,1478.8934598804974,1463.2558421043927,10296318,1470.12841796875
1459.1722169809668,1470.128458883213,1417.4388712363768,22442744,1422.9169921875
1421.721828538219,1426.2039275426996,1405.0881881707605,20396320,1407.179931640625
1420.3273163904719,1420.3273163904719,1408.7734859597779,8354596,1418.932861328125
1413.554298653669,1417.3392306864348,1390.4466381154343,14740507,1397.3192138671875
1393.3351272649268,1395.4267490386208,1378.593953801798,11854722,1386.1636962890625
1386.7614543919697,1402.199795115413,1379.490445288333,7748361,1382.080078125
1377.4984422704579,1414.550412474214,1377.4984422704579,10750072,1411.4627685546875
1412.458776601272,1417.6381639620695,1395.7256799199,7209849,1404.4906005859375
1382.5780559389787,1397.0203743336986,1376.7015020683227,17065827,1384.669677734375
1381.3828853186424,1400.3073026227253,1378.7932525308158,10321171,1388.15576171875
1389.5502251510159,1410.466686507784,1386.1637261382157,6312820,1405.885009765625
1405.38696851784,1405.38696851784,1382.5780415934858,9315972,1386.1636962890625
1386.3630773472378,1390.3471654369864,1377.797312271222,5834312,1387.259521484375
1382.1796145349972,1388.1557462486337,1360.5659868045632,9976705,1383.8729248046875
1379.4904158119157,1391.6418351007062,1359.569976594415,8793606,1362.35888671875
1364.5501609316866,1382.4785572067015,1355.7851185633474,9997486,1380.6856689453125
1376.4028464986861,1396.3232867936674,1369.7294260490362,12244664,1374.9088134765625
1382.4785186353236,1386.2634508216695,1372.0202877666845,7457021,1377.0999755859375
1377.300048828125,1380.699951171875,1370.0999755859375,7126128,1373.800048828125
1390.0,1394.9000244140625,1377.0,11785109,1381.699951171875
1390.0,1421.0,1389.0999755859375,14384719,1420.0999755859375
1413.0,1424.9000244140625,1410.0,8725641,1413.0
1425.0,1431.9000244140625,1420.300048828125,11021323,1424.800048828125
1420.0,1423.4000244140625,1407.9000244140625,5818868,1409.199951171875
1414.699951171875,1419.5,1405.699951171875,5979407,1412.5999755859375
1408.0,1410.0,1381.5999755859375,12145259,1384.9000244140625
1389.9000244140625,1392.199951171875,1366.5,13161813,1385.9000244140625
1381.0999755859375,1403.5,1350.0,18758842,1357.199951171875
1356.0,1363.199951171875,1340.5999755859375,11232238,1353.9000244140625
1354.800048828125,1384.5,1354.5,11517006,1366.5
1369.699951171875,1376.5,1360.5,7847563,1372.5999755859375
1371.800048828125,1374.0,1357.0999755859375,13223177,1359.300048828125
1363.0,1381.0,1359.300048828125,5777575,1375.0
1380.0,1386.0,1372.4000244140625,6986720,1378.5
1376.5999755859375,1381.199951171875,1368.699951171875,9754452,1376.199951171875
1383.9000244140625,1388.5,1374.0999755859375,7790815,1377.0
1376.0,1385.5,1375.0,9766072,1383.300048828125
1383.300048828125,1396.300048828125,1380.5,7403368,1395.0
1393.0,1400.800048828125,1388.5999755859375,5396697,1399.300048828125
1404.699951171875,1408.0,1398.199951171875,8686961,1405.300048828125
1407.0,1416.199951171875,1406.9000244140625,7519417,1413.800048828125
1420.4000244140625,1422.0,1410.699951171875,9332642,1415.0
1414.9000244140625,1417.0,1403.5999755859375,13461373,1407.4000244140625
1403.9000244140625,1410.699951171875,1388.0,7757970,1390.5999755859375
1391.0,1395.0,1376.800048828125,14014702,1389.800048828125
1385.300048828125,1396.0,1380.4000244140625,5922759,1383.0
1381.300048828125,1384.5,1369.0,11411143,1372.4000244140625
1372.0,1382.699951171875,1366.0,9879109,1377.5999755859375
1381.5999755859375,1389.0,1368.0,14231999,1372.800048828125
1377.0999755859375,1377.0999755859375,1362.800048828125,14604684,1364.0
1367.0,1378.5999755859375,1362.699951171875,12045916,1368.699951171875
1363.199951171875,1371.5999755859375,1356.9000244140625,12842347,1363.4000244140625
1360.0,1377.4000244140625,1359.0,12396580,1375.0
1376.0,1395.9000244140625,1375.9000244140625,11244040,1384.800048828125
1384.800048828125,1389.0,1364.5,8525081,1367.4000244140625
1374.0,1380.0,1369.0999755859375,8826633,1377.800048828125
1377.800048828125,1388.0,1375.0999755859375,6373084,1381.699951171875
1376.9000244140625,1377.699951171875,1367.800048828125,7600682,1375.0
1380.0,1388.0,1370.0999755859375,9768174,1375.9000244140625
1383.0,1384.0,1372.699951171875,10882743,1374.300048828125
1375.0999755859375,1400.5,1375.0,12315932,1398.300048828125
1401.0,1423.300048828125,1399.0999755859375,19335561,1416.800048828125
1440.0,1473.800048828125,1433.300048828125,24721978,1466.800048828125
1468.0,1474.0,1460.0,2066169,1465.199951171875
1475.0,1482.9000244140625,1444.5999755859375,18707090,1448.4000244140625
1450.0,1459.800048828125,1441.0,9700837,1451.5999755859375
1463.0,1485.0,1458.0,14113867,1484.0999755859375
1484.0999755859375,1492.0,1477.5999755859375,17631577,1486.9000244140625
1490.0,1508.300048828125,1488.0999755859375,11884745,1504.199951171875
1500.0,1503.0999755859375,1484.0,9318663,1488.5
1490.4000244140625,1497.5,1482.300048828125,8758053,1486.4000244140625
1486.0,1495.0,1479.300048828125,8452085,1484.699951171875
1483.9000244140625,1492.800048828125,1470.0999755859375,10007806,1473.0999755859375
1473.0999755859375,1473.0999755859375,1473.0999755859375,0,1473.0999755859375
1484.0,1501.5999755859375,1476.199951171875,16772678,1496.0999755859375
1494.5999755859375,1498.4000244140625,1475.9000244140625,7821765,1478.0
1477.9000244140625,1501.0,1475.5,7068438,1489.300048828125
1497.0,1498.800048828125,1480.199951171875,7127506,1493.4000244140625
1505.0,1524.699951171875,1500.0,12384459,1511.5
1515.0,1522.0999755859375,1506.800048828125,7196443,1510.9000244140625
1505.5,1520.9000244140625,1505.5,7682823,1518.9000244140625
1520.9000244140625,1523.699951171875,1511.5,5871416,1518.300048828125
1521.699951171875,1527.800048828125,1510.5,11045042,1519.4000244140625
1517.4000244140625,1522.300048828125,1512.0,5692366,1518.9000244140625
1530.0,1550.9000244140625,1526.699951171875,18171724,1549.0999755859375
1541.0,1557.800048828125,1540.0999755859375,9615271,1546.5999755859375
1550.0,1550.0,1531.800048828125,18433951,1535.9000244140625
1535.9000244140625,1559.5999755859375,1525.0999755859375,15033482,1539.699951171875
1542.300048828125,1571.5999755859375,1540.5,14054299,1569.9000244140625
1575.0,1575.5,1556.0,9794643,1563.4000244140625
1568.0,1581.300048828125,1563.0,8959508,1567.5
1575.0,1577.5,1563.5999755859375,8920233,1566.0999755859375
1561.0999755859375,1567.5,1542.0,11389150,1546.300048828125
1545.199951171875,1552.4000244140625,1533.0,6090883,1538.800048828125
1536.0,1560.5,1517.5999755859375,11867930,1535.5999755859375
1530.4000244140625,1545.800048828125,1520.5999755859375,10183266,1540.5999755859375
1539.199951171875,1551.0,1535.0,11301491,1543.0
1540.300048828125,1542.5,1520.0999755859375,11503971,1529.4000244140625
1534.0,1547.5,1531.4000244140625,7991629,1536.9000244140625
1536.9000244140625,1550.0,1524.0,4706197,1545.0
1550.800048828125,1559.800048828125,1546.0999755859375,5106655,1556.5
1551.199951171875,1558.5999755859375,1546.5,5774543,1556.199951171875
1545.0,1551.699951171875,1538.800048828125,11731856,1542.300048828125
1550.0,1550.0,1539.300048828125,7116649,1544.4000244140625
1535.199951171875,1551.5,1535.199951171875,6580829,1544.4000244140625
1554.4000244140625,1574.199951171875,1551.0,13937275,1565.0999755859375
1573.5,1577.5,1565.300048828125,10184852,1575.4000244140625
1580.9000244140625,1580.9000244140625,1568.0999755859375,7506564,1570.699951171875
1572.699951171875,1575.699951171875,1553.5999755859375,8815745,1558.199951171875
1554.699951171875,1561.0,1554.300048828125,2311495,1559.199951171875
1554.9000244140625,1558.0999755859375,1543.5999755859375,5969577,1545.5999755859375
